ScanningMode	2Theta/Theta
ScanningType	Continuos Scanning
X-Ray	40kV/40mA
î≠éUΩÿØƒ	1/2Åã
éUóêΩÿØƒ	1/2Åã
éÛåıΩÿØƒ	0.15mm
”…∏€éÛåıΩÿØƒ	0.8mm
Start	90
Stop	110
Step	0.02
90	16.6667
90.02	0
90.04	25
90.06	0
90.08	16.6667
90.1	8.33333
90.12	16.6667
90.14	0
90.16	0
90.18	0
90.2	8.33333
90.22	0
90.24	0
90.26	0
90.28	0
90.3	0
90.32	16.6667
90.34	8.33333
90.36	0
90.38	0
90.4	8.33333
90.42	0
90.44	16.6667
90.46	8.33333
90.48	16.6667
90.5	0
90.52	16.6667
90.54	0
90.56	8.33333
90.58	8.33333
90.6	0
90.62	8.33333
90.64	0
90.66	8.33333
90.68	16.6667
90.7	8.33333
90.72	8.33333
90.74	16.6667
90.76	16.6667
90.78	0
90.8	8.33333
90.82	16.6667
90.84	16.6667
90.86	0
90.88	8.33333
90.9	16.6667
90.92	0
90.94	16.6667
90.96	8.33333
90.98	50
91	0
91.02	33.3333
91.04	16.6667
91.06	0
91.08	16.6667
91.1	0
91.12	16.6667
91.14	0
91.16	16.6667
91.18	0
91.2	8.33333
91.22	8.33333
91.24	8.33333
91.26	0
91.28	0
91.3	8.33333
91.32	8.33333
91.34	8.33333
91.36	8.33333
91.38	16.6667
91.4	0
91.42	16.6667
91.44	0
91.46	16.6667
91.48	8.33333
91.5	8.33333
91.52	0
91.54	0
91.56	8.33333
91.58	16.6667
91.6	16.6667
91.62	8.33333
91.64	8.33333
91.66	8.33333
91.68	0
91.7	8.33333
91.72	0
91.74	0
91.76	16.6667
91.78	8.33333
91.8	16.6667
91.82	8.33333
91.84	25
91.86	0
91.88	8.33333
91.9	0
91.92	0
91.94	0
91.96	16.6667
91.98	0
92	8.33333
92.02	25
92.04	33.3333
92.06	8.33333
92.08	16.6667
92.1	16.6667
92.12	16.6667
92.14	0
92.16	25
92.18	8.33333
92.2	8.33333
92.22	8.33333
92.24	8.33333
92.26	8.33333
92.28	8.33333
92.3	8.33333
92.32	8.33333
92.34	8.33333
92.36	8.33333
92.38	0
92.4	25
92.42	16.6667
92.44	8.33333
92.46	8.33333
92.48	0
92.5	8.33333
92.52	16.6667
92.54	8.33333
92.56	0
92.58	25
92.6	16.6667
92.62	16.6667
92.64	8.33333
92.66	0
92.68	8.33333
92.7	8.33333
92.72	0
92.74	8.33333
92.76	16.6667
92.78	8.33333
92.8	25
92.82	25
92.84	16.6667
92.86	16.6667
92.88	16.6667
92.9	8.33333
92.92	8.33333
92.94	8.33333
92.96	16.6667
92.98	0
93	0
93.02	8.33333
93.04	8.33333
93.06	25
93.08	16.6667
93.1	16.6667
93.12	25
93.14	41.6667
93.16	16.6667
93.18	8.33333
93.2	8.33333
93.22	0
93.24	25
93.26	16.6667
93.28	0
93.3	0
93.32	8.33333
93.34	0
93.36	16.6667
93.38	25
93.4	16.6667
93.42	8.33333
93.44	8.33333
93.46	16.6667
93.48	25
93.5	33.3333
93.52	33.3333
93.54	16.6667
93.56	16.6667
93.58	33.3333
93.6	8.33333
93.62	25
93.64	25
93.66	16.6667
93.68	16.6667
93.7	0
93.72	16.6667
93.74	16.6667
93.76	16.6667
93.78	41.6667
93.8	25
93.82	25
93.84	25
93.86	16.6667
93.88	25
93.9	25
93.92	0
93.94	16.6667
93.96	33.3333
93.98	16.6667
94	8.33333
94.02	8.33333
94.04	16.6667
94.06	16.6667
94.08	33.3333
94.1	16.6667
94.12	8.33333
94.14	0
94.16	33.3333
94.18	0
94.2	25
94.22	16.6667
94.24	8.33333
94.26	33.3333
94.28	25
94.3	16.6667
94.32	0
94.34	8.33333
94.36	41.6667
94.38	8.33333
94.4	50
94.42	16.6667
94.44	33.3333
94.46	25
94.48	25
94.5	58.3333
94.52	50
94.54	33.3333
94.56	33.3333
94.58	8.33333
94.6	33.3333
94.62	25
94.64	16.6667
94.66	41.6667
94.68	50
94.7	41.6667
94.72	8.33333
94.74	50
94.76	41.6667
94.78	16.6667
94.8	33.3333
94.82	33.3333
94.84	25
94.86	58.3333
94.88	16.6667
94.9	33.3333
94.92	50
94.94	33.3333
94.96	41.6667
94.98	25
95	33.3333
95.02	41.6667
95.04	33.3333
95.06	50
95.08	83.3333
95.1	75
95.12	33.3333
95.14	25
95.16	50
95.18	66.6667
95.2	58.3333
95.22	75
95.24	75
95.26	50
95.28	66.6667
95.3	83.3333
95.32	58.3333
95.34	91.6667
95.36	66.6667
95.38	100
95.4	83.3333
95.42	66.6667
95.44	100
95.46	100
95.48	108.333
95.5	100
95.52	108.333
95.54	91.6667
95.56	141.667
95.58	166.667
95.6	125
95.62	175
95.64	116.667
95.66	175
95.68	158.333
95.7	150
95.72	216.667
95.74	141.667
95.76	158.333
95.78	166.667
95.8	250
95.82	233.333
95.84	166.667
95.86	241.667
95.88	308.333
95.9	233.333
95.92	241.667
95.94	275
95.96	250
95.98	333.333
96	275
96.02	300
96.04	383.333
96.06	316.667
96.08	341.667
96.1	275
96.12	308.333
96.14	291.667
96.16	333.333
96.18	408.333
96.2	383.333
96.22	300
96.24	291.667
96.26	375
96.28	416.667
96.3	408.333
96.32	391.667
96.34	375
96.36	441.667
96.38	391.667
96.4	341.667
96.42	400
96.44	491.667
96.46	458.333
96.48	383.333
96.5	366.667
96.52	483.333
96.54	366.667
96.56	316.667
96.58	375
96.6	433.333
96.62	341.667
96.64	416.667
96.66	441.667
96.68	391.667
96.7	425
96.72	341.667
96.74	425
96.76	366.667
96.78	425
96.8	408.333
96.82	358.333
96.84	441.667
96.86	425
96.88	325
96.9	375
96.92	441.667
96.94	391.667
96.96	383.333
96.98	433.333
97	333.333
97.02	400
97.04	408.333
97.06	341.667
97.08	333.333
97.1	400
97.12	233.333
97.14	291.667
97.16	308.333
97.18	291.667
97.2	341.667
97.22	333.333
97.24	241.667
97.26	183.333
97.28	308.333
97.3	250
97.32	300
97.34	241.667
97.36	191.667
97.38	233.333
97.4	216.667
97.42	266.667
97.44	266.667
97.46	241.667
97.48	316.667
97.5	250
97.52	141.667
97.54	283.333
97.56	275
97.58	216.667
97.6	216.667
97.62	216.667
97.64	275
97.66	250
97.68	258.333
97.7	200
97.72	166.667
97.74	208.333
97.76	325
97.78	250
97.8	283.333
97.82	216.667
97.84	225
97.86	308.333
97.88	233.333
97.9	258.333
97.92	166.667
97.94	158.333
97.96	183.333
97.98	225
98	241.667
98.02	208.333
98.04	158.333
98.06	108.333
98.08	216.667
98.1	183.333
98.12	200
98.14	216.667
98.16	158.333
98.18	233.333
98.2	200
98.22	183.333
98.24	175
98.26	233.333
98.28	175
98.3	233.333
98.32	250
98.34	225
98.36	250
98.38	275
98.4	125
98.42	191.667
98.44	275
98.46	300
98.48	200
98.5	200
98.52	241.667
98.54	233.333
98.56	208.333
98.58	216.667
98.6	141.667
98.62	208.333
98.64	183.333
98.66	200
98.68	150
98.7	166.667
98.72	166.667
98.74	233.333
98.76	233.333
98.78	308.333
98.8	291.667
98.82	175
98.84	200
98.86	200
98.88	266.667
98.9	258.333
98.92	233.333
98.94	216.667
98.96	241.667
98.98	283.333
99	241.667
99.02	258.333
99.04	258.333
99.06	266.667
99.08	241.667
99.1	300
99.12	166.667
99.14	283.333
99.16	225
99.18	308.333
99.2	333.333
99.22	341.667
99.24	241.667
99.26	250
99.28	283.333
99.3	250
99.32	250
99.34	350
99.36	366.667
99.38	308.333
99.4	333.333
99.42	325
99.44	216.667
99.46	208.333
99.48	275
99.5	325
99.52	408.333
99.54	333.333
99.56	308.333
99.58	300
99.6	325
99.62	308.333
99.64	383.333
99.66	383.333
99.68	366.667
99.7	350
99.72	325
99.74	483.333
99.76	275
99.78	341.667
99.8	491.667
99.82	466.667
99.84	333.333
99.86	408.333
99.88	408.333
99.9	525
99.92	475
99.94	433.333
99.96	441.667
99.98	541.667
100	450
100.02	525
100.04	566.667
100.06	425
100.08	675
100.1	616.667
100.12	533.333
100.14	558.333
100.16	616.667
100.18	591.667
100.2	758.333
100.22	583.333
100.24	841.667
100.26	800
100.28	683.333
100.3	716.667
100.32	866.667
100.34	1008.33
100.36	775
100.38	933.333
100.4	900
100.42	1133.33
100.44	1233.33
100.46	1075
100.48	1075
100.5	1183.33
100.52	1308.33
100.54	1541.67
100.56	1483.33
100.58	1250
100.6	1441.67
100.62	1408.33
100.64	1700
100.66	1591.67
100.68	1858.33
100.7	1683.33
100.72	1650
100.74	1950
100.76	1883.33
100.78	2341.67
100.8	2116.67
100.82	2391.67
100.84	2566.67
100.86	2441.67
100.88	2650
100.9	2658.33
100.92	3100
100.94	3025
100.96	3058.33
100.98	3175
101	3041.67
101.02	3075
101.04	3491.67
101.06	3358.33
101.08	3458.33
101.1	3658.33
101.12	3691.67
101.14	3116.67
101.16	3791.67
101.18	3941.67
101.2	4000
101.22	3925
101.24	3608.33
101.26	3733.33
101.28	3758.33
101.3	3466.67
101.32	3466.67
101.34	3475
101.36	3491.67
101.38	3541.67
101.4	3691.67
101.42	3150
101.44	3050
101.46	2808.33
101.48	3033.33
101.5	2983.33
101.52	2925
101.54	2750
101.56	2250
101.58	2641.67
101.6	2500
101.62	2483.33
101.64	2500
101.66	2133.33
101.68	2350
101.7	1800
101.72	2008.33
101.74	2116.67
101.76	1850
101.78	1916.67
101.8	1600
101.82	1691.67
101.84	1575
101.86	1458.33
101.88	1500
101.9	1450
101.92	1475
101.94	1183.33
101.96	1108.33
101.98	1116.67
102	1275
102.02	1175
102.04	1066.67
102.06	1016.67
102.08	866.667
102.1	925
102.12	1016.67
102.14	1008.33
102.16	1066.67
102.18	891.667
102.2	1133.33
102.22	883.333
102.24	825
102.26	683.333
102.28	775
102.3	700
102.32	833.333
102.34	966.667
102.36	750
102.38	816.667
102.4	808.333
102.42	858.333
102.44	683.333
102.46	650
102.48	641.667
102.5	775
102.52	700
102.54	733.333
102.56	675
102.58	650
102.6	741.667
102.62	691.667
102.64	658.333
102.66	625
102.68	775
102.7	758.333
102.72	658.333
102.74	758.333
102.76	716.667
102.78	716.667
102.8	683.333
102.82	766.667
102.84	875
102.86	566.667
102.88	883.333
102.9	791.667
102.92	866.667
102.94	808.333
102.96	825
102.98	1033.33
103	833.333
103.02	816.667
103.04	966.667
103.06	858.333
103.08	1108.33
103.1	1091.67
103.12	958.333
103.14	1050
103.16	1233.33
103.18	1208.33
103.2	1025
103.22	1091.67
103.24	1266.67
103.26	1408.33
103.28	1558.33
103.3	1608.33
103.32	1566.67
103.34	1633.33
103.36	1808.33
103.38	2125
103.4	2225
103.42	2208.33
103.44	2383.33
103.46	2350
103.48	2908.33
103.5	2875
103.52	3166.67
103.54	3433.33
103.56	3566.67
103.58	4225
103.6	4325
103.62	4475
103.64	5358.33
103.66	5733.33
103.68	6416.67
103.7	7233.33
103.72	7666.67
103.74	8808.33
103.76	9966.67
103.78	10966.7
103.8	12525
103.82	13958.3
103.84	15325
103.86	16900
103.88	18283.3
103.9	20900
103.92	22425
103.94	24275
103.96	25325
103.98	27083.3
104	27358.3
104.02	28575
104.04	29258.3
104.06	29216.7
104.08	28591.7
104.1	28166.7
104.12	27658.3
104.14	25758.3
104.16	25616.7
104.18	23866.7
104.2	23258.3
104.22	22691.7
104.24	21566.7
104.26	21683.3
104.28	20508.3
104.3	19883.3
104.32	20000
104.34	20241.7
104.36	19550
104.38	19408.3
104.4	20033.3
104.42	18866.7
104.44	17758.3
104.46	16966.7
104.48	16150
104.5	14058.3
104.52	13250
104.54	11908.3
104.56	11183.3
104.58	9916.67
104.6	8600
104.62	7433.33
104.64	7483.33
104.66	6141.67
104.68	5441.67
104.7	5000
104.72	4258.33
104.74	3883.33
104.76	3183.33
104.78	3058.33
104.8	2575
104.82	2300
104.84	2050
104.86	2016.67
104.88	1725
104.9	1683.33
104.92	1566.67
104.94	1483.33
104.96	1350
104.98	1191.67
105	1283.33
105.02	1083.33
105.04	1141.67
105.06	1050
105.08	1116.67
105.1	758.333
105.12	825
105.14	791.667
105.16	808.333
105.18	850
105.2	616.667
105.22	691.667
105.24	783.333
105.26	516.667
105.28	566.667
105.3	641.667
105.32	475
105.34	625
105.36	533.333
105.38	625
105.4	566.667
105.42	491.667
105.44	516.667
105.46	491.667
105.48	500
105.5	425
105.52	466.667
105.54	416.667
105.56	316.667
105.58	400
105.6	425
105.62	366.667
105.64	433.333
105.66	366.667
105.68	291.667
105.7	375
105.72	291.667
105.74	400
105.76	358.333
105.78	341.667
105.8	308.333
105.82	250
105.84	291.667
105.86	275
105.88	375
105.9	300
105.92	250
105.94	408.333
105.96	200
105.98	216.667
106	341.667
106.02	308.333
106.04	291.667
106.06	225
106.08	250
106.1	258.333
106.12	200
106.14	350
106.16	300
106.18	258.333
106.2	275
106.22	225
106.24	200
106.26	308.333
106.28	225
106.3	191.667
106.32	225
106.34	233.333
106.36	108.333
106.38	200
106.4	208.333
106.42	208.333
106.44	133.333
106.46	141.667
106.48	100
106.5	225
106.52	241.667
106.54	208.333
106.56	158.333
106.58	75
106.6	208.333
106.62	125
106.64	150
106.66	166.667
106.68	158.333
106.7	158.333
106.72	108.333
106.74	108.333
106.76	158.333
106.78	216.667
106.8	125
106.82	158.333
106.84	158.333
106.86	158.333
106.88	141.667
106.9	125
106.92	141.667
106.94	100
106.96	100
106.98	158.333
107	150
107.02	158.333
107.04	116.667
107.06	125
107.08	133.333
107.1	141.667
107.12	116.667
107.14	125
107.16	150
107.18	191.667
107.2	100
107.22	100
107.24	116.667
107.26	83.3333
107.28	125
107.3	66.6667
107.32	91.6667
107.34	116.667
107.36	108.333
107.38	108.333
107.4	50
107.42	66.6667
107.44	108.333
107.46	91.6667
107.48	100
107.5	58.3333
107.52	66.6667
107.54	66.6667
107.56	25
107.58	83.3333
107.6	66.6667
107.62	50
107.64	50
107.66	75
107.68	125
107.7	116.667
107.72	116.667
107.74	91.6667
107.76	83.3333
107.78	66.6667
107.8	58.3333
107.82	83.3333
107.84	50
107.86	66.6667
107.88	66.6667
107.9	91.6667
107.92	33.3333
107.94	25
107.96	83.3333
107.98	50
108	50
108.02	50
108.04	66.6667
108.06	58.3333
108.08	66.6667
108.1	116.667
108.12	16.6667
108.14	66.6667
108.16	50
108.18	58.3333
108.2	16.6667
108.22	33.3333
108.24	16.6667
108.26	25
108.28	33.3333
108.3	33.3333
108.32	25
108.34	41.6667
108.36	25
108.38	25
108.4	50
108.42	41.6667
108.44	25
108.46	25
108.48	16.6667
108.5	58.3333
108.52	33.3333
108.54	58.3333
108.56	50
108.58	66.6667
108.6	16.6667
108.62	33.3333
108.64	41.6667
108.66	25
108.68	33.3333
108.7	41.6667
108.72	66.6667
108.74	25
108.76	16.6667
108.78	16.6667
108.8	8.33333
108.82	25
108.84	33.3333
108.86	50
108.88	33.3333
108.9	25
108.92	50
108.94	25
108.96	8.33333
108.98	25
109	16.6667
109.02	8.33333
109.04	25
109.06	50
109.08	16.6667
109.1	25
109.12	16.6667
109.14	16.6667
109.16	50
109.18	16.6667
109.2	0
109.22	8.33333
109.24	25
109.26	33.3333
109.28	25
109.3	25
109.32	41.6667
109.34	33.3333
109.36	0
109.38	8.33333
109.4	25
109.42	33.3333
109.44	16.6667
109.46	16.6667
109.48	0
109.5	33.3333
109.52	16.6667
109.54	41.6667
109.56	33.3333
109.58	41.6667
109.6	8.33333
109.62	8.33333
109.64	25
109.66	0
109.68	0
109.7	16.6667
109.72	8.33333
109.74	16.6667
109.76	16.6667
109.78	8.33333
109.8	25
109.82	0
109.84	25
109.86	8.33333
109.88	16.6667
109.9	16.6667
109.92	8.33333
109.94	41.6667
109.96	16.6667
109.98	8.33333
110	8.33333
